21.0 8.485281374238575 8.485281374238578 -28.64788975654116
20.12241743810963 8.485281374238575 8.485281374238575 -28.64788975654116
19.506814472578164 23.743058985638008 7.2251601774571395 19.09859317102744
17.62741000481231 20.534238839389417 6.220428259187041 19.09859317102744
17.833741503716563 20.758957330280595 6.385295677668627 19.09859317102744
16.58247248203074 21.265326707451294 6.7892344779583755 19.09859317102744
15.55099021623742 22.144189428504646 7.5086433879475045 19.09859317102744
14.711130388231581 23.552310970997457 8.675581339066296 19.09859317102744
14.046345359579918 35.88767020953699 10.530743864170233 19.09859317102744
13.550390972090643 33.43465894463008 13.553944270727841 19.09859317102744
13.22755826699483 31.508721121037528 12.676805481358834 19.09859317102744
13.094691678610367 29.998160879384034 11.448204815845227 19.09859317102744
13.185871508643087 28.829556632203545 10.475056250062018 19.09859317102744
13.561865347824579 27.955792813005786 9.719813733948035 19.09859317102744
14.329305900839248 27.349415245548077 9.159572632181103 19.09859317102744
15.682155540676687 16.705023732179995 8.783379950931229 19.09859317102744
28.720841864065196 12.38775781123423 8.591378488029141 25.464790894703253
26.461027697723516 10.094749400958046 8.611998716318933 -28.64788975654116
24.47009734710725 8.07349050016298 9.084562163297333 -28.64788975654116
24.83323564093866 11.783275378386811 7.989059062937458 25.464790894703253
25.98480399051354 21.01955631312954 7.087444139487432 25.464790894703253
23.26018918664676 14.391762611952863 7.05620063057719 25.464790894703253
21.261067455751125 11.196252358152714 7.320436621403003 25.464790894703253
19.809667811989165 9.242082192537888 7.9650590531154295 -28.64788975654116
18.830513058630185 7.871370647828966 9.156950346836785 -28.64788975654116
18.086783141106572 9.564336500932095 7.763067119304921 -28.64788975654116
17.822801669912817 12.748588868292241 6.703493120424969 19.09859317102744
18.0079964332711 17.240021787743434 5.806500067616251 19.09859317102744
16.269757566091858 15.738724500166683 5.731443334777881 19.09859317102744
14.818465153447015 13.299700503336407 27.23922027552552 -19.09859317102744
13.594488556337534 11.560605136535079 21.796307232197666 -19.09859317102744
12.910417037120435 13.909150547078484 23.73185683412125 -19.09859317102744
12.380154437606539 12.976641839441792 26.902863704053786 -19.09859317102744
12.005695055209324 11.49369643068148 32.47700765061901 -19.09859317102744
11.800109452402358 10.305229422511768 32.26683559258944 -19.09859317102744
11.791481852251247 9.356598158309911 31.05781693005179 -19.09859317102744
12.030966502606459 8.611824885874238 30.17091205577853 -19.09859317102744
12.609223717449439 8.04864923151009 29.577871858498618 -19.09859317102744
13.692057270354951 7.655937864014179 22.003137019781285 -19.09859317102744
15.606311535070262 7.432800959515604 15.899473660953317 -19.09859317102744
19.082478014931244 7.389270512326887 12.780244907764002 -19.09859317102744
26.130893424463252 7.548863163113083 10.808857542478922 -19.09859317102744
25.325460404003422 7.954020912075376 9.395131703566918 -28.64788975654116
24.206386328833627 8.679744379422718 8.287053739051299 -28.64788975654116
23.514691436812544 10.547193709972543 7.0164582978171 25.464790894703253
18.63022988659503 14.056376708378473 6.025872386080837 19.09859317102744
21.748819794823522 11.438332177674672 6.438219058854327 25.464790894703253
20.632760888487226 10.078146342212822 7.010855160436946 25.464790894703253
19.83943414391587 8.688241636436404 8.345591385740038 -28.64788975654116
19.490506411772223 7.60954022044638 10.71854605898379 -19.09859317102744
18.00782554079596 8.409633063262593 8.655619559973871 -28.64788975654116
17.05685059008261 9.330891286345752 7.67098036886226 -28.64788975654116
16.449941205657847 11.627459274378857 6.530943085550326 19.09859317102744
15.210816499220758 16.07902192582285 5.598778556677116 19.09859317102744
14.764439839829013 13.569486928653994 5.692480355510885 19.09859317102744
13.537642365687928 11.78650155738342 6.002472606716358 19.09859317102744
12.496466243563578 10.417631033515166 6.593905428239484 24.34259324426697
11.645934329137171 9.30802911941488 7.573798062916726 -28.64788975654116
11.043790425754052 8.196695028985275 9.598438937166748 -28.64788975654116
9.889621904903013 9.127568766879508 7.790286596601743 -28.64788975654116
9.01856542220781 10.85299315171902 6.542568486401904 0.0
8.262767405901155 9.349305559309183 5.54824511232127 46.31743473726362
7.572105021060319 8.567822388236682 5.352984171730923 40.48295854881202
